# Blender 4.0.0
# www.blender.org
mtllib katana.mtl
o cube
v -0.737741 2.050585 -1.583193
v -0.783760 1.857854 -1.668298
v 0.810691 0.652353 0.746008
v 0.764672 0.459621 0.660904
v -0.874568 1.853922 -1.610290
v -0.828549 2.046653 -1.525185
v 0.673864 0.455689 0.718912
v 0.719883 0.648421 0.804016
vn -0.2134 -0.8937 -0.3946
vn 0.8422 0.0365 -0.5380
vn 0.2134 0.8937 0.3946
vn -0.8422 -0.0365 0.5380
vn -0.4952 0.4472 -0.7449
vn 0.4952 -0.4472 0.7449
vt 0.125000 0.093750
vt 0.156250 0.093750
vt 0.156250 1.000000
vt 0.125000 1.000000
vt 0.000000 0.093750
vt 0.062500 0.093750
vt 0.062500 1.000000
vt 0.000000 1.000000
vt 0.187500 0.093750
vt 0.187500 1.000000
vt 0.562500 0.437500
vt 0.531250 0.437500
vt 0.531250 0.375000
vt 0.562500 0.375000
vt 0.625000 0.437500
vt 0.593750 0.437500
vt 0.593750 0.500000
vt 0.625000 0.500000
s 0
usemtl m_ea415dd8-61c5-533b-b458-18729aff9cdf
f 4/1/1 7/2/1 5/3/1 2/4/1
f 3/5/2 4/6/2 2/7/2 1/8/2
f 8/2/3 3/9/3 1/10/3 6/3/3
f 7/6/4 8/1/4 6/4/4 5/7/4
f 6/11/5 1/12/5 2/13/5 5/14/5
f 7/15/6 4/16/6 3/17/6 8/18/6
o cube.001
v -0.786595 2.098997 -1.666410
v -0.809604 2.002631 -1.708963
v -0.733201 2.050782 -1.586093
v -0.756210 1.954416 -1.628646
v -0.909493 1.998306 -1.645154
v -0.886484 2.094672 -1.602602
v -0.856099 1.950091 -1.564837
v -0.833090 2.046457 -1.522285
vn -0.2134 -0.8937 -0.3946
vn 0.8422 0.0365 -0.5380
vn 0.2134 0.8937 0.3946
vn -0.8422 -0.0365 0.5380
vn -0.4952 0.4472 -0.7449
vn 0.4952 -0.4472 0.7449
vt 0.593750 0.375000
vt 0.625000 0.375000
vt 0.625000 0.406250
vt 0.593750 0.406250
vt 0.625000 0.968750
vt 0.656250 0.968750
vt 0.656250 1.000000
vt 0.625000 1.000000
vt 0.625000 0.937500
vt 0.656250 0.937500
vt 0.625000 0.906250
vt 0.656250 0.906250
vt 0.625000 0.875000
vt 0.656250 0.875000
vt 0.656250 0.843750
vt 0.625000 0.843750
s 0
usemtl m_ea415dd8-61c5-533b-b458-18729aff9cdf
f 12/19/7 15/20/7 13/21/7 10/22/7
f 11/23/8 12/24/8 10/25/8 9/26/8
f 16/27/9 11/28/9 9/24/9 14/23/9
f 15/29/10 16/30/10 14/28/10 13/27/10
f 14/30/11 9/29/11 10/31/11 13/32/11
f 15/33/12 12/34/12 11/31/12 16/32/12
o cube.002
v -0.809143 2.001276 -1.708332
v -0.748984 1.715022 -1.633561
v -0.755117 2.035324 -1.621450
v -0.694959 1.749069 -1.546679
v -0.848873 1.710696 -1.569752
v -0.909032 1.996951 -1.644523
v -0.794848 1.744744 -1.482870
v -0.855006 2.030999 -1.557641
vn 0.1993 -0.9481 0.2477
vn 0.8422 0.0365 -0.5380
vn -0.1993 0.9481 -0.2477
vn -0.8422 -0.0365 0.5380
vn -0.5010 -0.3158 -0.8058
vn 0.5010 0.3158 0.8058
vt 0.625000 0.812500
vt 0.656250 0.812500
vt 0.656250 0.843750
vt 0.625000 0.843750
vt 0.562500 0.531250
vt 0.656250 0.531250
vt 0.656250 0.562500
vt 0.562500 0.562500
vt 0.625000 0.781250
vt 0.656250 0.781250
vt 0.562500 0.500000
vt 0.656250 0.500000
vt 0.531250 0.437500
vt 0.500000 0.437500
vt 0.500000 0.343750
vt 0.531250 0.343750
vt 0.593750 0.406250
vt 0.562500 0.406250
vt 0.593750 0.500000
s 0
usemtl m_ea415dd8-61c5-533b-b458-18729aff9cdf
f 20/35/13 23/36/13 21/37/13 18/38/13
f 19/39/14 20/40/14 18/41/14 17/42/14
f 24/43/15 19/44/15 17/36/15 22/35/15
f 23/45/16 24/46/16 22/40/16 21/39/16
f 22/47/17 17/48/17 18/49/17 21/50/17
f 23/51/18 20/52/18 19/45/18 24/53/18
o cube.003
v -0.725826 1.809836 -1.590881
v -0.748835 1.713470 -1.633433
v 0.769213 0.459818 0.658003
v 0.746203 0.363452 0.615451
v -0.848724 1.709145 -1.569624
v -0.825715 1.805510 -1.527072
v 0.646314 0.359127 0.679260
v 0.669324 0.455493 0.721812
vn -0.2134 -0.8937 -0.3946
vn 0.8422 0.0365 -0.5380
vn 0.2134 0.8937 0.3946
vn -0.8422 -0.0365 0.5380
vn -0.4952 0.4472 -0.7449
vn 0.4952 -0.4472 0.7449
vt 0.187500 0.125000
vt 0.218750 0.125000
vt 0.218750 1.000000
vt 0.187500 1.000000
vt 0.250000 0.125000
vt 0.250000 1.000000
vt 0.281250 0.125000
vt 0.281250 1.000000
vt 0.312500 0.125000
vt 0.312500 1.000000
vt 0.593750 0.406250
vt 0.562500 0.406250
vt 0.562500 0.375000
vt 0.593750 0.375000
vt 0.625000 0.406250
vt 0.593750 0.437500
vt 0.625000 0.437500
s 0
usemtl m_ea415dd8-61c5-533b-b458-18729aff9cdf
f 28/54/19 31/55/19 29/56/19 26/57/19
f 27/55/20 28/58/20 26/59/20 25/56/20
f 32/58/21 27/60/21 25/61/21 30/59/21
f 31/60/22 32/62/22 30/63/22 29/61/22
f 30/64/23 25/65/23 26/66/23 29/67/23
f 31/68/24 28/64/24 27/69/24 32/70/24
o cube.004
v 0.987617 0.516960 0.547112
v 0.665692 0.233275 0.590828
v 1.041011 0.468745 0.627430
v 0.719086 0.185060 0.671145
v 0.473929 0.494717 0.875255
v 0.795854 0.778401 0.831540
v 0.527323 0.446502 0.955572
v 0.849248 0.730186 0.911857
vn -0.7464 -0.6577 0.1014
vn 0.4446 -0.6062 -0.6595
vn 0.7464 0.6577 -0.1014
vn -0.4446 0.6062 0.6595
vn -0.4952 0.4472 -0.7449
vn 0.4952 -0.4472 0.7449
vt 0.437500 0.718750
vt 0.562500 0.718750
vt 0.562500 0.750000
vt 0.437500 0.750000
vt 0.437500 0.687500
vt 0.562500 0.687500
vt 0.437500 0.656250
vt 0.562500 0.656250
vt 0.437500 0.625000
vt 0.562500 0.625000
vt 0.562500 1.000000
vt 0.437500 1.000000
vt 0.437500 0.875000
vt 0.562500 0.875000
s 0
usemtl m_ea415dd8-61c5-533b-b458-18729aff9cdf
f 36/71/25 39/72/25 37/73/25 34/74/25
f 35/75/26 36/76/26 34/72/26 33/71/26
f 40/77/27 35/78/27 33/76/27 38/75/27
f 39/79/28 40/80/28 38/78/28 37/77/28
f 38/81/29 33/82/29 34/83/29 37/84/29
f 39/73/30 36/74/30 35/83/30 40/84/30
o cube.005
v 0.897985 0.557921 0.776045
v 0.851966 0.365190 0.690941
v 1.485321 0.027557 1.659535
v 1.439302 -0.165175 1.574431
v 0.670349 0.357325 0.806957
v 0.716369 0.550057 0.892061
v 1.257686 -0.173039 1.690446
v 1.303705 0.019693 1.775551
vn -0.2134 -0.8937 -0.3946
vn 0.8422 0.0365 -0.5380
vn 0.2134 0.8937 0.3946
vn -0.8422 -0.0365 0.5380
vn -0.4952 0.4472 -0.7449
vn 0.4952 -0.4472 0.7449
vt 0.312500 0.656250
vt 0.375000 0.656250
vt 0.375000 1.000000
vt 0.312500 1.000000
vt 0.312500 0.312500
vt 0.375000 0.312500
vt 0.437500 0.656250
vt 0.437500 1.000000
vt 0.437500 0.312500
vt 0.500000 0.625000
vt 0.437500 0.625000
vt 0.437500 0.562500
vt 0.500000 0.562500
vt 0.500000 0.500000
vt 0.437500 0.500000
s 0
usemtl m_ea415dd8-61c5-533b-b458-18729aff9cdf
f 44/85/31 47/86/31 45/87/31 42/88/31
f 43/89/32 44/90/32 42/86/32 41/85/32
f 48/86/33 43/91/33 41/92/33 46/87/33
f 47/90/34 48/93/34 46/91/34 45/86/34
f 46/94/35 41/95/35 42/96/35 45/97/35
f 47/98/36 44/99/36 43/96/36 48/97/36
o cube.006
v 1.414645 0.131992 1.515889
v 1.359422 -0.099285 1.413763
v 1.534782 0.023509 1.696603
v 1.479559 -0.207769 1.594477
v 1.141483 -0.108722 1.552982
v 1.196706 0.122555 1.655108
v 1.261620 -0.217206 1.733696
v 1.316843 0.014072 1.835822
vn -0.2134 -0.8937 -0.3946
vn 0.8422 0.0365 -0.5380
vn 0.2134 0.8937 0.3946
vn -0.8422 -0.0365 0.5380
vn -0.4952 0.4472 -0.7449
vn 0.4952 -0.4472 0.7449
vt 0.500000 0.562500
vt 0.562500 0.562500
vt 0.562500 0.625000
vt 0.500000 0.625000
vt 0.437500 0.437500
vt 0.500000 0.437500
vt 0.500000 0.500000
vt 0.437500 0.500000
vt 0.562500 0.500000
vt 0.562500 0.437500
vt 0.625000 1.000000
vt 0.562500 1.000000
vt 0.562500 0.937500
vt 0.625000 0.937500
vt 0.625000 0.875000
vt 0.562500 0.875000
s 0
usemtl m_ea415dd8-61c5-533b-b458-18729aff9cdf
f 52/100/37 55/101/37 53/102/37 50/103/37
f 51/104/38 52/105/38 50/106/38 49/107/38
f 56/106/39 51/108/39 49/101/39 54/100/39
f 55/105/40 56/109/40 54/108/40 53/106/40
f 54/110/41 49/111/41 50/112/41 53/113/41
f 55/114/42 52/115/42 51/112/42 56/113/42
o cube.008
v 0.880703 0.614142 0.712716
v 0.825480 0.382864 0.610591
v 1.000840 0.505658 0.893430
v 0.945617 0.274380 0.791305
v 0.607540 0.373427 0.749810
v 0.662763 0.604705 0.851935
v 0.727677 0.264943 0.930524
v 0.782900 0.496221 1.032649
vn -0.2134 -0.8937 -0.3946
vn 0.8422 0.0365 -0.5380
vn 0.2134 0.8937 0.3946
vn -0.8422 -0.0365 0.5380
vn -0.4952 0.4472 -0.7449
vn 0.4952 -0.4472 0.7449
vt 0.562500 0.812500
vt 0.625000 0.812500
vt 0.625000 0.875000
vt 0.562500 0.875000
vt 0.562500 0.750000
vt 0.625000 0.750000
vt 0.562500 0.687500
vt 0.625000 0.687500
vt 0.562500 0.625000
vt 0.625000 0.625000
vt 0.562500 0.562500
vt 0.625000 0.562500
vt 0.500000 0.375000
vt 0.437500 0.375000
vt 0.437500 0.437500
vt 0.500000 0.437500
s 0
usemtl m_ea415dd8-61c5-533b-b458-18729aff9cdf
f 60/116/43 63/117/43 61/118/43 58/119/43
f 59/120/44 60/121/44 58/117/44 57/116/44
f 64/122/45 59/123/45 57/121/45 62/120/45
f 63/124/46 64/125/46 62/123/46 61/122/46
f 62/125/47 57/124/47 58/126/47 61/127/47
f 63/128/48 60/129/48 59/130/48 64/131/48
